Multiple size <= 100
TEST 1 ARG:10 89 69 4 31 80 26 36 58 27 56 22 72 82 59 62 84 34 83 48 7 20 86 98 99 78 90 44 88 35 60 55 95 65 33 81 47 52 13 5 19 71 6 54 23 50 61 2 16 63 57 3 79 68 38 92 12 29 9 17 64 91 85 40 45 25 76 67 93 66 46 49 15 0 70 37 43 87 94 8 14 77 32 39 97 18 11 1 30 42 73 21 96 53 28 41 24 75 51 74
TEST 2 ARG:91 46 33 99 90 98 10 50 84 34 30 24 11 59 58 39 57 26 83 13 61 69 0 29 74 56 66 75 5 22 19 77 78 12 44 52 17 8 81 9 88 15 72 48 47 89 62 96 37 25 54 85 28 93 86 35 80 79 45 14 40 16 55 43 18 20 68 64 51 73 65 41 67 3 92 76 63 87 70 42 6 36 32 23 97 71 94 49 1 60 2 95 21 82 38 7 53 27 4 31
TEST 3 ARG:71 86 0 25 94 79 51 5 82 32 78 27 4 84 73 15 95 88 91 28 56 67 75 26 49 24 89 46 22 2 39 58 13 38 65 29 47 3 33 55 54 21 44 53 90 74 11 37 14 16 31 68 10 64 9 60 36 42 63 41 92 48 52 43 85 8 30 76 35 72 34 18 1 19 59 45 98 83 50 80 96 70 97 40 62 69 87 66 93 57 6 61 99 12 17 23 20 7 81 77
TEST 4 ARG:53 48 58 89 77 83 38 45 65 47 55 91 36 73 79 39 84 82 76 80 56 97 49 15 22 19 4 78 63 95 26 37 28 66 35 31 96 99 13 81 98 32 18 44 1 30 0 21 70 54 64 50 52 87 46 71 23 69 62 11 17 41 16 6 57 90 51 93 75 2 85 94 68 24 34 74 5 67 86 33 88 29 25 12 20 9 92 59 8 72 3 61 60 7 42 40 14 43 10 27
TEST 5 ARG:96 82 34 57 56 59 78 92 39 87 93 19 66 8 62 45 89 18 1 80 94 17 75 64 74 30 38 25 98 16 44 83 99 91 60 79 90 43 46 29 53 52 77 22 49 70 61 47 5 2 20 86 71 41 11 32 42 27 4 85 10 33 36 72 95 58 26 0 54 23 67 24 3 97 35 7 6 84 55 28 88 63 65 48 31 51 37 68 69 50 81 9 21 40 76 14 13 15 73 12
TEST 6 ARG:94 2 60 93 53 1 71 89 42 26 30 59 27 11 25 57 97 72 16 40 39 12 43 10 19 76 41 49 46 80 29 61 20 0 14 83 66 65 52 38 88 73 45 23 91 33 22 36 3 50 98 28 84 70 8 51 62 48 17 5 7 6 67 18 78 87 99 34 85 44 9 75 13 74 56 4 63 35 58 32 15 47 64 37 82 81 79 54 21 90 96 92 95 77 86 24 55 68 31 69
TEST 7 ARG:95 54 58 26 11 90 6 9 84 38 53 33 35 19 67 0 68 56 82 57 30 49 97 14 8 15 47 81 25 79 50 22 18 74 76 96 36 32 52 77 65 23 89 39 91 83 86 85 31 60 75 59 13 43 62 7 20 98 42 2 48 41 69 10 12 34 92 55 87 24 94 99 93 44 5 88 40 73 45 78 70 66 28 46 61 63 29 4 17 72 71 80 37 64 16 51 27 21 1 3
TEST 8 ARG:40 69 63 1 27 11 65 37 29 56 57 5 52 15 17 44 92 18 58 97 24 72 25 50 68 46 2 89 77 95 88 33 28 13 60 85 19 74 64 14 80 76 99 41 21 3 66 0 84 22 67 71 4 53 12 94 26 87 96 31 16 42 90 35 45 9 49 70 62 39 7 8 38 48 91 36 30 54 83 34 10 47 61 6 78 98 59 20 93 86 55 79 43 82 73 75 23 32 51 81
TEST 9 ARG:95 77 84 85 78 98 64 68 36 80 86 89 87 41 37 16 92 88 56 17 26 83 60 35 74 72 93 4 39 81 34 53 97 25 99 5 21 43 62 7 33 75 94 47 45 0 63 69 79 57 73 44 38 61 54 30 22 32 50 51 18 24 2 13 6 15 90 31 91 46 58 40 11 48 14 52 12 29 59 9 66 55 49 71 23 3 8 10 82 65 96 70 67 27 42 1 20 76 19 28
TEST 10 ARG:86 66 3 19 14 41 79 37 69 5 39 96 75 21 17 43 22 91 89 18 4 59 74 47 50 53 26 77 73 20 6 30 54 12 88 80 49 72 16 46 81 24 48 97 98 70 10 64 31 87 42 29 92 95 60 23 7 33 35 25 11 45 84 61 68 36 67 15 34 65 27 0 76 1 2 51 83 55 9 44 62 93 58 63 85 71 52 90 94 28 38 78 13 32 82 40 8 57 56 99
TEST 11 ARG:35 17 62 77 76 80 26 36 99 6 56 54 97 46 91 27 60 19 29 28 31 37 25 98 39 10 44 42 79 58 7 81 84 4 72 16 75 64 5 63 61 2 86 65 23 34 89 53 87 69 49 95 92 94 41 74 82 85 32 70 78 48 38 83 9 45 57 22 18 73 59 21 8 0 93 24 96 50 33 14 47 71 12 67 68 43 51 11 55 15 52 13 3 20 66 90 88 30 40 1
TEST 12 ARG:22 58 62 87 49 51 77 29 45 6 21 13 25 1 55 11 63 79 59 3 74 7 69 46 37 91 8 42 82 15 9 97 48 81 89 2 66 40 73 64 72 85 38 88 14 24 75 12 76 53 68 36 10 32 35 43 93 86 67 92 52 39 5 84 54 28 19 60 57 26 71 34 30 20 16 96 23 4 70 18 94 78 44 80 83 61 50 0 95 31 98 17 27 65 47 41 90 33 56 99
TEST 13 ARG:58 90 18 2 42 53 75 98 54 23 4 30 76 47 97 93 14 8 89 71 6 15 29 91 17 34 95 33 27 46 73 40 68 24 72 83 84 81 92 57 61 74 65 51 94 36 0 28 21 3 22 45 35 39 55 5 48 9 43 7 13 25 19 50 66 62 16 82 20 26 99 80 86 96 79 44 60 38 69 77 70 41 32 67 52 37 31 87 49 88 78 63 1 12 11 56 10 85 59 64
TEST 14 ARG:32 15 38 10 56 4 5 0 74 31 8 50 75 66 87 35 76 48 97 90 3 43 26 41 20 12 52 42 51 40 62 44 55 96 36 61 25 65 45 29 99 68 79 63 71 89 86 59 11 2 30 69 19 22 53 1 18 81 16 28 78 37 27 46 88 9 98 95 7 21 84 14 23 85 49 82 54 6 17 73 47 13 34 57 33 70 72 67 94 91 80 92 64 60 83 39 24 58 77 93
TEST 15 ARG:21 95 28 0 56 74 45 43 65 66 57 78 12 71 9 20 69 3 19 73 96 94 89 85 35 17 47 54 86 97 7 42 59 15 37 88 6 79 40 70 52 34 27 26 18 23 25 99 91 49 33 11 14 55 38 76 60 5 58 68 50 92 61 4 41 16 64 72 13 10 53 48 44 93 30 22 8 90 84 62 81 77 75 32 29 1 51 80 39 87 24 82 67 31 98 46 63 2 83 36
TEST 16 ARG:49 29 58 2 91 47 11 62 31 61 40 35 26 79 59 22 54 82 46 92 89 85 77 32 84 74 14 56 13 83 21 39 25 44 52 90 71 87 17 42 30 45 60 99 20 70 1 23 33 72 96 37 3 65 36 66 75 10 27 41 78 12 19 86 28 64 94 8 38 16 69 15 51 80 50 81 55 97 4 48 0 53 57 95 88 43 73 68 63 34 98 6 9 93 24 5 76 7 18 67
TEST 17 ARG:0 32 9 86 57 65 61 67 54 76 22 14 17 66 81 92 87 48 31 96 46 11 75 33 24 73 51 69 82 98 44 70 2 64 95 90 93 72 13 19 37 53 79 59 91 26 15 68 27 74 89 5 4 23 99 40 56 20 36 58 30 21 39 3 84 38 71 6 16 41 7 60 43 45 42 47 94 8 97 49 55 1 88 35 10 83 78 25 12 52 63 28 50 62 77 85 80 29 34 18
TEST 18 ARG:66 58 49 71 56 14 43 30 99 96 62 42 24 10 65 84 95 31 97 55 39 17 37 22 52 0 9 86 20 80 18 67 89 81 23 60 85 69 90 11 26 6 41 74 50 77 38 25 53 8 12 27 7 64 82 68 19 2 13 57 28 1 34 73 40 61 4 79 98 88 72 47 44 63 91 92 29 51 3 78 46 94 59 15 54 83 36 35 48 45 5 16 21 33 75 76 93 70 32 87
TEST 19 ARG:41 54 88 45 33 75 10 39 61 60 52 14 82 31 21 16 32 63 22 36 65 64 51 96 98 76 47 23 3 40 34 87 70 59 2 92 74 79 26 97 95 89 73 15 93 11 44 83 53 12 78 46 69 37 71 62 1 86 17 13 68 28 66 50 0 80 5 58 49 18 84 35 43 56 57 48 9 55 29 99 90 8 30 7 24 67 42 4 19 25 72 27 81 6 38 20 77 94 91 85
TEST 20 ARG:7 86 70 2 77 94 48 91 53 63 34 6 58 54 49 17 64 28 41 13 1 33 66 93 0 88 37 60 25 73 29 90 26 23 10 71 96 84 69 62 75 24 98 78 46 97 95 61 59 14 15 3 85 42 52 50 27 4 47 8 74 18 11 89 35 38 19 72 44 43 67 65 12 79 32 31 81 40 20 80 87 99 9 36 92 30 5 22 45 57 51 83 16 76 39 21 68 55 82 56
TEST 21 ARG:5 28 45 6 47 24 12 56 41 58 65 92 98 85 75 61 97 87 93 84 38 36 17 60 34 0 1 96 54 7 14 29 99 15 23 64 71 27 57 59 78 11 63 76 9 8 10 79 22 26 42 25 94 91 21 31 86 32 50 89 16 88 20 19 49 53 51 80 3 90 62 73 52 77 74 33 35 69 43 13 68 2 30 39 44 95 4 40 81 83 48 46 55 66 82 70 18 72 37 67
TEST 22 ARG:58 39 99 81 19 54 23 59 66 5 28 31 3 82 97 91 46 18 33 8 56 80 29 26 69 13 17 94 1 15 24 95 92 89 52 84 83 38 14 67 43 51 34 22 76 57 93 63 9 62 2 53 72 98 47 30 48 55 35 86 71 0 16 77 88 96 85 50 42 49 90 21 41 79 10 45 74 64 75 36 78 6 44 40 61 65 12 7 11 4 87 27 68 25 70 32 73 20 60 37
TEST 23 ARG:55 81 7 75 99 57 51 90 32 73 30 87 53 64 93 40 35 43 69 42 71 83 76 0 13 3 23 63 67 54 9 34 58 48 15 28 11 2 70 52 45 72 98 65 27 25 86 74 77 22 66 88 91 50 36 80 31 4 56 16 82 18 62 39 59 60 26 44 12 79 21 19 61 92 37 96 84 89 24 47 78 46 97 85 17 10 6 20 1 38 94 29 95 5 49 33 68 14 41 8
TEST 24 ARG:58 27 11 53 48 7 49 37 4 8 84 88 30 76 26 75 81 62 14 80 57 0 47 98 6 74 54 2 16 13 89 1 67 72 93 19 63 15 42 29 34 97 71 60 96 90 10 31 9 20 52 12 85 83 66 87 36 95 3 18 39 44 5 99 92 65 94 33 43 86 55 24 28 70 38 40 41 91 22 23 56 51 68 82 35 32 69 79 50 61 17 25 59 45 77 21 46 78 64 73
TEST 25 ARG:75 67 59 19 16 37 17 43 49 10 50 28 83 25 82 36 46 21 35 44 57 22 70 69 23 54 5 27 71 80 88 39 7 87 99 95 61 55 45 63 47 56 98 84 68 66 97 2 91 72 34 93 20 26 24 64 9 92 30 33 13 12 96 18 74 77 60 38 62 11 86 89 29 53 31 76 58 79 52 90 3 42 41 6 0 48 1 51 81 14 15 78 73 4 65 32 40 94 85 8
TEST 26 ARG:56 44 75 4 49 24 73 30 28 71 39 6 64 87 61 15 14 41 0 52 70 40 11 59 2 83 58 29 99 3 36 72 97 47 86 32 54 8 20 34 13 77 1 37 26 92 98 63 9 67 45 43 25 19 65 88 50 21 57 35 46 38 5 78 42 10 22 53 81 76 48 80 69 7 68 51 12 85 94 91 55 60 96 84 23 89 16 18 33 95 27 82 79 90 93 66 74 31 62 17
TEST 27 ARG:71 2 6 92 33 9 84 93 13 87 26 73 51 8 3 5 55 40 37 53 11 50 74 16 52 27 24 90 78 88 83 34 14 48 31 17 38 86 91 80 58 99 39 94 30 28 10 49 61 82 35 95 19 81 63 72 65 22 43 7 18 60 29 1 4 20 0 44 21 41 79 59 54 64 42 25 12 62 23 57 36 56 32 98 76 68 46 77 15 89 96 45 75 97 85 47 67 69 66 70
TEST 28 ARG:98 88 21 18 49 41 99 14 40 13 96 68 8 28 94 64 65 2 9 67 74 81 79 48 44 16 90 39 59 32 73 71 52 63 70 42 37 57 82 69 36 45 34 15 83 19 23 85 46 84 43 93 3 35 66 17 97 76 95 31 24 25 27 11 77 22 80 56 20 55 7 38 60 72 75 50 33 26 6 0 30 89 86 54 92 10 29 47 53 12 61 5 1 87 58 51 78 91 62 4
TEST 29 ARG:26 40 17 87 47 70 99 21 96 22 58 8 84 9 36 44 4 93 66 14 43 31 45 90 23 53 91 34 7 25 72 19 75 79 51 95 35 54 13 5 59 32 6 80 62 46 27 77 74 63 16 39 81 18 64 73 49 52 12 60 0 71 76 97 11 98 92 48 33 82 38 1 37 67 28 20 15 86 89 2 42 24 3 61 85 55 83 57 94 29 10 65 30 68 50 69 41 56 88 78
TEST 30 ARG:47 25 78 40 21 99 9 71 36 2 41 62 72 26 75 32 94 49 16 73 55 54 31 3 98 86 12 53 97 34 11 69 76 95 15 89 27 29 30 8 33 92 46 64 23 22 44 50 59 20 61 18 45 87 39 82 77 79 56 5 10 66 57 1 35 28 52 65 96 88 14 42 51 74 63 70 93 68 83 91 81 13 37 7 6 60 0 58 90 24 85 80 4 67 48 38 84 17 43 19
TEST 31 ARG:28 75 52 65 27 38 6 37 83 2 53 24 11 8 99 54 44 50 87 3 82 4 89 39 67 70 72 96 88 80 94 13 12 78 95 81 23 43 77 0 5 42 33 30 40 57 22 58 46 36 59 25 61 63 84 62 69 97 76 47 93 74 34 90 49 1 15 79 66 60 9 31 7 48 45 91 32 29 26 19 35 55 71 51 73 85 16 92 64 68 21 10 14 18 41 98 56 20 17 86
TEST 32 ARG:99 11 24 86 52 90 55 6 81 39 95 40 91 97 78 4 80 84 43 50 94 73 60 8 7 98 83 16 87 75 59 41 19 32 18 22 2 47 34 69 56 14 1 79 20 53 82 71 5 37 33 29 28 45 64 12 54 35 21 96 36 63 74 57 46 9 76 58 70 92 30 51 10 23 42 48 72 85 62 13 3 27 38 25 93 67 0 65 88 44 17 89 49 77 26 31 15 68 61 66
TEST 33 ARG:41 29 69 46 10 1 71 81 4 86 34 63 94 30 14 97 60 47 66 67 8 24 5 59 21 23 70 28 25 96 82 77 12 39 99 6 27 84 9 52 49 36 43 98 78 17 55 74 13 32 85 22 68 54 90 26 40 53 44 18 20 62 0 93 65 38 80 61 92 19 15 89 95 31 83 45 35 91 64 73 72 75 33 11 16 79 42 50 57 3 48 76 51 56 88 2 58 87 7 37
TEST 34 ARG:8 96 40 45 99 71 36 20 43 14 30 95 62 88 47 3 49 35 93 25 34 2 51 17 7 58 72 4 12 11 73 67 50 59 42 52 1 55 90 80 82 53 22 81 41 27 19 68 92 18 37 60 69 5 29 89 31 97 26 32 94 24 21 33 86 66 57 16 85 48 46 28 70 63 87 54 78 64 23 74 84 15 65 83 56 9 75 10 61 98 6 76 13 39 44 91 77 0 79 38
TEST 35 ARG:73 66 67 55 87 83 14 69 89 72 61 37 8 44 98 27 74 57 92 50 31 22 59 9 76 45 64 13 35 97 51 52 54 0 16 4 85 65 88 6 99 30 15 21 17 63 11 23 3 70 29 48 77 2 43 25 19 53 42 33 78 79 20 39 75 46 82 10 40 28 1 81 47 80 93 71 36 95 90 26 24 60 94 62 12 96 32 5 7 86 68 41 58 84 34 56 38 91 49 18
TEST 36 ARG:27 42 96 54 95 22 70 99 2 21 53 19 10 63 71 18 26 12 91 9 87 89 73 11 24 38 72 15 8 32 43 5 7 56 3 82 62 30 1 78 52 46 79 69 20 98 68 77 25 29 75 88 45 57 83 61 51 16 6 39 23 81 37 65 28 31 74 85 50 60 4 55 41 33 35 36 67 49 76 47 40 66 14 64 86 93 80 59 13 90 17 0 94 58 34 44 48 92 97 84
TEST 37 ARG:29 86 56 40 78 92 80 16 50 43 74 18 6 58 53 64 39 52 65 63 97 48 4 14 28 20 60 91 8 7 55 11 37 99 0 93 34 66 94 76 83 79 54 77 24 68 96 71 5 87 90 42 69 81 26 67 25 38 30 22 36 31 10 33 21 51 59 46 73 82 62 47 32 75 35 70 17 41 61 23 57 72 2 88 1 85 98 95 13 84 12 44 3 15 27 49 19 45 9 89
TEST 38 ARG:11 23 70 63 38 43 75 27 28 95 80 51 1 94 50 32 45 33 41 55 36 19 49 17 58 20 89 82 10 84 64 16 35 69 76 13 31 71 88 87 91 26 0 73 61 40 34 90 56 65 15 77 74 92 6 37 98 85 72 22 44 5 78 66 79 8 18 21 2 24 7 14 59 54 52 86 30 9 93 42 83 12 46 29 68 67 47 39 57 62 53 25 60 3 99 4 48 97 81 96
TEST 39 ARG:66 57 31 62 97 80 49 77 0 46 56 83 35 78 15 42 94 3 59 84 28 63 82 81 95 65 21 53 10 74 85 5 23 27 36 76 18 55 96 51 45 29 38 67 22 64 99 71 16 2 72 17 25 26 58 86 9 6 20 4 90 40 11 12 32 93 92 89 75 43 91 19 68 98 73 60 61 41 79 47 50 52 30 1 33 54 24 39 48 88 8 70 69 13 7 44 37 14 34 87
TEST 40 ARG:32 44 29 62 54 69 7 85 46 22 96 28 48 39 87 63 49 23 17 89 82 97 86 79 57 55 19 84 74 50 88 93 10 38 41 42 77 43 95 6 25 20 45 47 60 11 36 92 9 13 4 61 30 51 94 34 0 64 65 26 3 75 52 73 31 67 59 16 1 14 81 5 15 70 2 24 76 90 78 21 66 91 72 80 56 8 58 27 35 12 68 33 37 98 53 99 71 18 83 40
TEST 41 ARG:6 26 34 28 74 50 13 83 8 38 67 69 36 71 15 45 89 97 37 46 49 5 21 4 47 61 65 88 87 55 31 23 68 25 72 81 70 2 96 84 3 27 11 86 76 78 43 48 59 44 51 0 17 92 12 85 98 77 20 73 99 24 75 58 57 66 40 90 53 32 52 16 80 82 54 79 35 64 1 10 30 94 93 29 63 33 91 42 41 19 9 60 14 95 39 18 56 7 22 62
TEST 42 ARG:31 47 43 12 8 15 85 51 44 38 89 70 23 19 13 9 53 50 48 81 30 22 92 21 49 25 11 74 46 58 2 14 18 73 60 77 69 36 45 91 72 80 1 68 6 33 96 54 3 35 97 76 87 84 10 56 34 39 27 37 64 28 59 17 75 86 90 5 79 40 71 32 78 41 52 66 62 16 4 82 63 99 42 94 65 93 95 20 61 67 26 55 29 0 98 57 24 7 83 88
